1	1755 02	1761 06	144	
2	1766 06	1769 09	193	
3	1775 06	1778 05	264	
4	1784 09	1788 02	235	
5	1798 04	1805 02	82	
6	1810 07	1816 05	81	
7	1823 05	1829 11	119	
8	1833 11	1837 03	245	
9	1843 07	1848 02	220	
10	1855 12	1860 02	186	
11	1867 03	1870 08	234	
12	1878 12	1883 12	124	
13	1890 03	1894 01	147	
14	1902 01	1906 02	107	
15	1913 07	1917 08	176	
16	1923 08	1928 04	130	
17	1933 09	1937 04	199	
18	1944 02	1947 05	219	
19	1954 04	1958 03	285	
20	1964 10	1968 11	157	
21	1976 03	1979 12	233	
22	1986 09	1989 11	213	
23	1996 08	2001 11	180	
24	2008 12	2014 04	116
25  2019 12 0 0 0